(1698, [-0.29545454545454547, -0.13], ['death', 'sadness'], [-0.5, -0.875])
(1414, [-0.14772727272727273, -0.07065217391304347], ['smallness', 'grace'], [0.0, 0.5])
(1387, [-0.14705882352941177, -0.07575757575757576], ['wonder'], [0.125])
(1331, [-0.14583333333333334, -0.07608695652173914], ['wonder'], [0.125])
(1513, [-0.14583333333333334, -0.058333333333333334], ['happiness', 'time'], [1.0, 0.0])
(1491, [-0.14130434782608695, -0.07738095238095238], ['salvation', 'grace'], [-0.125, 0.5])
(908, [-0.13214285714285715, -0.05709876543209876], ['loss', 'death'], [0.0, -0.5])
(1771, [-0.125, -0.06547619047619048], ['love', 'happiness'], [1.0, 1.0])
(1243, [-0.11805555555555555, -0.059027777777777776], ['suffering'], [-0.375])
(1773, [-0.11805555555555555, -0.050595238095238096], ['summer', 'loss'], [0.0, 0.0])
(1296, [-0.11666666666666667, -0.04861111111111111], ['loss', 'time'], [0.0, 0.0])
(1735, [-0.11666666666666667, -0.0546875], ['grace', 'scorn'], [0.5, -0.375])
(1681, [-0.11607142857142858, -0.05241935483870968], ['connection', 'peace'], [0.0, 0.125])
(919, [-0.11538461538461539, -0.07317073170731707], ['connection', 'peace'], [0.0, 0.125])
(796, [-0.1130952380952381, -0.059375], ['smallness', 'peace'], [0.0, 0.125])
(1307, [-0.1125, -0.057692307692307696], ['death', 'freedom'], [-0.5, 0.125])
(1427, [-0.1118421052631579, -0.057432432432432436], ['fame', 'grace'], [0.5, 0.5])
(715, [-0.10185185185185185, -0.05392156862745098], ['death', 'friendship'], [-0.5, 0.125])
(1579, [-0.09821428571428571, -0.059782608695652176], ['suffering'], [-0.375])
(1013, [-0.09558823529411764, -0.040625], ['life', 'death'], [0.0, -0.5])
(799, [-0.09375, -0.05048076923076923], ['suffering', 'determination'], [-0.375, 0.0])
(1029, [-0.09375, -0.0375], ['determination', 'freedom'], [0.0, 0.125])
(1161, [-0.09375, -0.041666666666666664], ['faith', 'frustration'], [0.0, -0.125])
(1326, [-0.08695652173913043, -0.044444444444444446], ['grace', 'suffering'], [0.5, -0.375])
(77, [-0.08653846153846154, -0.060810810810810814], ['freedom', 'frustration'], [0.125, -0.125])
(1446, [-0.08552631578947369, -0.036931818181818184], ['mind'], [0.0])
(1732, [-0.085, -0.048295454545454544], ['loss', 'sadness'], [0.0, -0.875])
(287, [-0.08333333333333333, -0.03333333333333333], ['death'], [-0.5])
(1469, [-0.08333333333333333, -0.03409090909090909], ['mind'], [0.0])
(1598, [-0.08333333333333333, -0.031914893617021274], ['mind', 'salvation'], [0.0, -0.125])
(632, [-0.08333333333333333, -0.03819444444444445], ['wonder'], [0.125])
(1203, [-0.07738095238095238, -0.04513888888888889], ['memory'], [0.0])
(691, [-0.07608695652173914, -0.035], ['sickness', 'nature'], [0.0, 0.0])
(370, [-0.07236842105263158, -0.03125], ['salvation', 'connection'], [-0.125, 0.0])
(742, [-0.07083333333333333, -0.032692307692307694], ['nature'], [0.0])
(1530, [-0.07065217391304347, -0.033854166666666664], ['salvation', 'mind'], [-0.125, 0.0])
(1168, [-0.07065217391304347, -0.035326086956521736], ['happiness', 'sadness'], [1.0, -0.875])
(401, [-0.07035483870967742, -0.0454375], ['scorn', 'salvation'], [-0.375, -0.125])
(1701, [-0.06944444444444445, -0.0390625], ['grace', 'scorn'], [0.5, -0.375])
(448, [-0.06896551724137931, -0.029411764705882353], ['wonder'], [0.125])
(79, [-0.0668095238095238, -0.03870344827586207], ['salvation', 'faith'], [-0.125, 0.0])
(1691, [-0.06666666666666667, -0.02631578947368421], ['death', 'wonder'], [-0.5, 0.125])
(1112, [-0.06547619047619048, -0.03125], ['death', 'smallness'], [-0.5, 0.0])
(783, [-0.06521739130434782, -0.027777777777777776], ['wonder'], [0.125])
(973, [-0.06451612903225806, -0.037037037037037035], ['love', 'loss'], [1.0, 0.0])
(645, [-0.0625, -0.03333333333333333], ['death'], [-0.5])
(1360, [-0.0625, -0.037037037037037035], ['salvation', 'fear'], [-0.125, -0.5])
(1549, [-0.06048387096774194, -0.027573529411764705], ['death', 'friendship'], [-0.5, 0.125])
(496, [-0.059782608695652176, -0.022916666666666665], ['beauty'], [0.5])
(385, [-0.05921052631578947, -0.025], ['salvation', 'suffering'], [-0.125, -0.375])
(151, [-0.05921052631578947, -0.03515625], ['smallness', 'sadness'], [0.0, -0.875])
(1284, [-0.05921052631578947, -0.02616279069767442], ['wonder', 'mind'], [0.125, 0.0])
(1503, [-0.058823529411764705, -0.02857142857142857], ['death', 'time'], [-0.5, 0.0])
(822, [-0.05803571428571429, -0.024253731343283583], ['mind', 'wonder'], [0.0, 0.125])
(1458, [-0.057692307692307696, -0.03260869565217391], ['time', 'sadness'], [0.0, -0.875])
(735, [-0.056818181818181816, -0.01893939393939394], ['death', 'scorn'], [-0.5, -0.375])
(1559, [-0.056818181818181816, -0.02717391304347826], ['suffering', 'scorn'], [-0.375, -0.375])
(1123, [-0.05612244897959184, -0.03235294117647059], ['suffering', 'mind'], [-0.375, 0.0])
(475, [-0.05555555555555555, -0.022222222222222223], ['life'], [0.0])
(1713, [-0.05555555555555555, -0.03333333333333333], ['time', 'loss'], [0.0, 0.0])
(1541, [-0.05555555555555555, -0.02631578947368421], ['grace', 'beauty'], [0.5, 0.5])
(703, [-0.054878048780487805, -0.03461538461538462], ['freedom', 'determination'], [0.125, 0.0])
(906, [-0.0546875, -0.02734375], ['time', 'grace'], [0.0, 0.5])
(1088, [-0.0546875, -0.021875], ['loss'], [0.0])
(361, [-0.05357142857142857, -0.03571428571428571], ['determination', 'smallness'], [0.0, 0.0])
(1537, [-0.05357142857142857, -0.01875], ['mind'], [0.0])
(1106, [-0.05263157894736842, -0.02564102564102564], ['time', 'loss'], [0.0, 0.0])
(510, [-0.05253623188405797, -0.02665441176470588], ['death', 'fear'], [-0.5, -0.5])
(688, [-0.052083333333333336, -0.026041666666666668], ['sadness', 'scorn'], [-0.875, -0.375])
(393, [-0.05172413793103448, -0.02586206896551724], ['grace', 'wonder'], [0.5, 0.125])
(970, [-0.051470588235294115, -0.027777777777777776], ['death', 'smallness'], [-0.5, 0.0])
(772, [-0.051470588235294115, -0.021341463414634148], ['suffering', 'determination'], [-0.375, 0.0])
(314, [-0.05113636363636364, -0.03125], ['nature', 'death'], [0.0, -0.5])
(5, [-0.050347222222222224, -0.030982905982905984], ['peace', 'faith'], [0.125, 0.0])
(762, [-0.05, -0.0234375], ['death', 'suffering'], [-0.5, -0.375])
(1328, [-0.05, -0.03571428571428571], ['death', 'loss'], [-0.5, 0.0])
(521, [-0.05, -0.013513513513513514], ['love', 'death'], [1.0, -0.5])
(725, [-0.04924242424242424, -0.025793650793650792], ['love', 'connection'], [1.0, 0.0])
(176, [-0.04878048780487805, -0.02857142857142857], ['wonder'], [0.125])
(984, [-0.04861111111111111, -0.021341463414634148], ['salvation', 'grace'], [-0.125, 0.5])
(587, [-0.04838709677419355, -0.02631578947368421], ['loss', 'love'], [0.0, 1.0])
(566, [-0.0472972972972973, -0.023333333333333334], ['death', 'connection'], [-0.5, 0.0])
(1143, [-0.046875, -0.017045454545454544], ['nature', 'wonder'], [0.0, 0.125])
(1146, [-0.046875, -0.019736842105263157], ['nature', 'fear'], [0.0, -0.5])
(1516, [-0.046875, -0.026785714285714284], ['happiness', 'nature'], [1.0, 0.0])
(432, [-0.04619565217391304, -0.026234567901234566], ['salvation', 'death'], [-0.125, -0.5])
(294, [-0.045, -0.01939655172413793], ['fear', 'beauty'], [-0.5, 0.5])
(942, [-0.04411764705882353, -0.022058823529411766], ['winter', 'death'], [0.0, -0.5])
(359, [-0.04375, -0.026515151515151516], ['grace', 'determination'], [0.5, 0.0])
(1079, [-0.04326923076923077, -0.023936170212765957], ['nature', 'connection'], [0.0, 0.0])
(708, [-0.041666666666666664, -0.026785714285714284], ['suffering', 'peace'], [-0.375, 0.125])
(1412, [-0.041666666666666664, -0.019230769230769232], ['suffering'], [-0.375])
(103, [-0.041666666666666664, -0.022727272727272728], ['salvation', 'sleep'], [-0.125, 0.0])
(996, [-0.041666666666666664, -0.01953125], ['loss', 'sadness'], [0.0, -0.875])
(582, [-0.04054054054054054, -0.02830188679245283], ['suffering'], [-0.375])
(1545, [-0.04054054054054054, -0.022058823529411766], ['faith'], [0.0])
(638, [-0.03977272727272727, -0.016203703703703703], ['wonder', 'nature'], [0.125, 0.0])
(516, [-0.03977272727272727, -0.021341463414634148], ['beauty'], [0.5])
(916, [-0.0390625, -0.01644736842105263], ['wonder'], [0.125])
(1445, [-0.038461538461538464, -0.021739130434782608], ['death', 'marriage'], [-0.5, 0.375])
(1423, [-0.038461538461538464, -0.017241379310344827], ['wonder'], [0.125])
(35, [-0.0375, -0.023809523809523808], ['loss', 'death'], [0.0, -0.5])
(199, [-0.0375, -0.02122641509433962], ['woman', 'suffering'], [0.0, -0.375])
(415, [-0.0375, -0.020833333333333332], ['loss', 'fear'], [0.0, -0.5])
(676, [-0.0375, -0.025], ['peace'], [0.125])
(33, [-0.03571428571428571, -0.013513513513513514], ['loss', 'memory'], [0.0, 0.0])
(1028, [-0.03571428571428571, -0.019230769230769232], ['memory', 'happiness'], [0.0, 1.0])
(1575, [-0.03571428571428571, -0.015873015873015872], ['nature', 'wonder'], [0.0, 0.125])
(1137, [-0.035256410256410256, -0.017857142857142856], ['weather', 'wonder'], [-0.625, 0.125])
(712, [-0.034722222222222224, -0.014763779527559055], ['death', 'peace'], [-0.5, 0.125])
(78, [-0.034375, -0.016975308641975308], ['salvation', 'sadness'], [-0.125, -0.875])
(455, [-0.03409090909090909, -0.020833333333333332], ['salvation', 'happiness'], [-0.125, 1.0])
(1245, [-0.03409090909090909, -0.019736842105263157], ['sleep'], [0.0])
(701, [-0.033783783783783786, -0.017123287671232876], ['memory', 'time'], [0.0, 0.0])
(923, [-0.03289473684210526, -0.015625], ['death', 'loss'], [-0.5, 0.0])
(497, [-0.03214285714285714, -0.017045454545454544], ['faith', 'suffering'], [0.0, -0.375])
(766, [-0.031914893617021274, -0.015625], ['faith', 'nature'], [0.0, 0.0])
(51, [-0.031914893617021274, -0.016666666666666666], ['peace', 'death'], [0.125, -0.5])
(1352, [-0.03125, -0.016666666666666666], ['suffering', 'connection'], [-0.375, 0.0])
(1016, [-0.03125, -0.013157894736842105], ['nature', 'wonder'], [0.0, 0.125])
(1560, [-0.03125, -0.01524390243902439], ['memory', 'love'], [0.0, 1.0])
(1619, [-0.03125, -0.021739130434782608], ['nature', 'wonder'], [0.0, 0.125])
(14, [-0.03076923076923077, -0.015267175572519083], ['family', 'love'], [0.0, 1.0])
(338, [-0.030303030303030304, -0.015384615384615385], ['death', 'loss'], [-0.5, 0.0])
(411, [-0.02992957746478873, -0.01551094890510949], ['death'], [-0.5])
(409, [-0.02976190476190476, -0.013888888888888888], ['death', 'salvation'], [-0.5, -0.125])
(642, [-0.029411764705882353, -0.012195121951219513], ['suffering', 'frustration'], [-0.375, -0.125])
(290, [-0.02857142857142857, -0.0125], ['nature'], [0.0])
(1344, [-0.02857142857142857, -0.014925373134328358], ['loss'], [0.0])
(1593, [-0.027439024390243903, -0.012640449438202247], ['weather', 'wonder'], [-0.625, 0.125])
(755, [-0.02717391304347826, -0.017857142857142856], ['loss'], [0.0])
(1576, [-0.02640845070422535, -0.015120967741935484], ['grace'], [0.5])
(403, [-0.02564102564102564, -0.012987012987012988], ['time'], [0.0])
(1145, [-0.025, -0.017857142857142856], ['salvation', 'happiness'], [-0.125, 1.0])
(624, [-0.025, -0.011574074074074073], ['time', 'connection'], [0.0, 0.0])
(315, [-0.024305555555555556, -0.0125], ['wonder', 'weather'], [0.125, -0.625])
(1382, [-0.02403846153846154, -0.01179245283018868], ['grace', 'loss'], [0.5, 0.0])
(1677, [-0.023809523809523808, -0.0125], ['peace', 'wonder'], [0.125, 0.125])
(1588, [-0.023148148148148147, -0.014534883720930232], ['death'], [-0.5])
(38, [-0.022727272727272728, -0.0125], ['family', 'marriage'], [0.0, 0.375])
(993, [-0.022058823529411766, -0.009615384615384616], ['loss', 'connection'], [0.0, 0.0])
(768, [-0.021825396825396824, -0.012387387387387387], ['nature', 'memory'], [0.0, 0.0])
(1152, [-0.021153846153846155, -0.011363636363636364], ['grace', 'wonder'], [0.5, 0.125])
(344, [-0.020833333333333332, -0.013095238095238096], ['death', 'loss'], [-0.5, 0.0])
(1299, [-0.020833333333333332, -0.008333333333333333], ['suffering', 'smallness'], [-0.375, 0.0])
(540, [-0.020833333333333332, -0.01020408163265306], ['smallness', 'frustration'], [0.0, -0.125])
(331, [-0.020833333333333332, -0.009615384615384616], ['beauty'], [0.5])
(1710, [-0.02, -0.010638297872340425], ['weather', 'wonder'], [-0.625, 0.125])
(817, [-0.019736842105263157, -0.010135135135135136], ['marriage', 'salvation'], [0.375, -0.125])
(368, [-0.019230769230769232, -0.009615384615384616], ['love', 'suffering'], [1.0, -0.375])
(467, [-0.01893939393939394, -0.010245901639344262], ['sadness'], [-0.875])
(1434, [-0.01875, -0.008928571428571428], ['beauty', 'loss'], [0.5, 0.0])
(257, [-0.018744186046511627, -0.008141414141414142], ['wonder', 'loss'], [0.125, 0.0])
(323, [-0.018739130434782612, -0.009577777777777779], ['happiness', 'surprise'], [1.0, 0.0])
(143, [-0.018617021276595744, -0.011513157894736841], ['wonder'], [0.125])
(561, [-0.01826923076923077, -0.010326086956521738], ['suffering', 'wonder'], [-0.375, 0.125])
(410, [-0.017857142857142856, -0.008027522935779817], ['suffering', 'madness'], [-0.375, -0.125])
(1171, [-0.017857142857142856, -0.008152173913043478], ['nature', 'beauty'], [0.0, 0.5])
(1294, [-0.017857142857142856, -0.009615384615384616], ['life'], [0.0])
(506, [-0.01715686274509804, -0.008838383838383838], ['grace', 'wonder'], [0.5, 0.125])
(1462, [-0.017045454545454544, -0.008152173913043478], ['life', 'death'], [0.0, -0.5])
(1343, [-0.016891891891891893, -0.008802816901408451], ['wonder'], [0.125])
(10, [-0.016666666666666666, -0.010869565217391304], ['death', 'time'], [-0.5, 0.0])
(639, [-0.016666666666666666, -0.007425742574257425], ['loss', 'suffering'], [0.0, -0.375])
(820, [-0.016304347826086956, -0.009615384615384616], ['grace', 'wonder'], [0.5, 0.125])
(853, [-0.015625, -0.00641025641025641], ['peace', 'death'], [0.125, -0.5])
(592, [-0.015384615384615385, -0.0078125], ['death'], [-0.5])
(354, [-0.015086206896551725, -0.008027522935779817], ['beauty', 'loss'], [0.5, 0.0])
(175, [-0.014705882352941176, -0.00872093023255814], ['suffering', 'loss'], [-0.375, 0.0])
(891, [-0.014705882352941176, -0.005952380952380952], ['nature', 'connection'], [0.0, 0.0])
(702, [-0.014705882352941176, -0.008333333333333333], ['happiness', 'marriage'], [1.0, 0.375])
(482, [-0.013888888888888888, -0.006048387096774193], ['loss', 'love'], [0.0, 1.0])
(1298, [-0.012755102040816327, -0.006313131313131313], ['nature', 'wonder'], [0.0, 0.125])
(1583, [-0.0125, -0.00625], ['wonder'], [0.125])
(611, [-0.01201923076923077, -0.007267441860465116], ['love', 'death'], [1.0, -0.5])
(283, [-0.011538461538461539, -0.007425742574257425], ['beauty'], [0.5])
(12, [-0.011363636363636364, -0.005555555555555556], ['beauty'], [0.5])
(1393, [-0.011363636363636364, -0.005952380952380952], ['fame', 'scorn'], [0.5, -0.375])
(743, [-0.010964912280701754, -0.005208333333333333], ['nature', 'connection'], [0.0, 0.0])
(635, [-0.010638297872340425, -0.004629629629629629], ['time', 'suffering'], [0.0, -0.375])
(1482, [-0.010135135135135136, -0.005952380952380952], ['weather'], [-0.625])
(728, [-0.009615384615384616, -0.005208333333333333], ['freedom', 'suffering'], [0.125, -0.375])
(907, [-0.008928571428571428, -0.005], ['loss', 'love'], [0.0, 1.0])
(682, [-0.008620689655172414, -0.005], ['peace', 'nature'], [0.125, 0.0])
(1225, [-0.008333333333333333, -0.0033783783783783786], ['mind', 'suffering'], [0.0, -0.375])
(379, [-0.0078125, -0.003676470588235294], ['loss', 'happiness'], [0.0, 1.0])
(1529, [-0.007352941176470588, -0.002840909090909091], ['suffering', 'time'], [-0.375, 0.0])
(805, [-0.007352941176470588, -0.003472222222222222], ['wonder'], [0.125])
(7, [-0.00641025641025641, -0.0022727272727272726], ['salvation', 'faith'], [-0.125, 0.0])
(819, [-0.00625, -0.004032258064516129], ['smallness', 'wonder'], [0.0, 0.125])
(1666, [-0.005952380952380952, -0.002840909090909091], ['death', 'loss'], [-0.5, 0.0])
(828, [-0.005952380952380952, -0.0022727272727272726], ['wonder'], [0.125])
(404, [-0.005952380952380952, -0.003125], ['beauty'], [0.5])
(182, [-0.005681818181818182, -0.0035714285714285713], ['death', 'connection'], [-0.5, 0.0])
(340, [-0.005681818181818182, -0.0038461538461538464], ['happiness'], [1.0])
(1729, [-0.005434782608695652, -0.003472222222222222], ['love', 'connection'], [1.0, 0.0])
(1448, [-0.005, -0.002976190476190476], ['wonder'], [0.125])
(120, [-0.005, -0.002840909090909091], ['beauty', 'death'], [0.5, -0.5])
(50, [-0.004807692307692308, -0.0027472527472527475], ['death'], [-0.5])
(471, [-0.004629629629629629, -0.0026595744680851063], ['time', 'nature'], [0.0, 0.0])
(6, [-0.004629629629629629, -0.002403846153846154], ['beauty'], [0.5])
(219, [-0.004629629629629629, -0.0018656716417910447], ['beauty', 'nature'], [0.5, 0.0])
(436, [-0.00390625, -0.0024752475247524753], ['wonder', 'weather'], [0.125, -0.625])
(881, [-0.003676470588235294, -0.0016666666666666668], ['loss'], [0.0])
(187, [-0.0029069767441860465, -0.0015625], ['death', 'loss'], [-0.5, 0.0])
(617, [-0.0020833333333333333, -0.001201923076923077], ['determination', 'sickness'], [0.0, 0.0])
(247, [-0.0020833333333333333, -0.0009124087591240876], ['grace', 'nature'], [0.5, 0.0])
(505, [-0.001984126984126984, -0.0011061946902654867], ['wonder'], [0.125])
(1207, [0.0, 0.0], ['scorn'], [-0.375])
(1461, [0.0, 0.0], ['scorn', 'salvation'], [-0.375, -0.125])
(473, [0.0, 0.0], ['salvation', 'happiness'], [-0.125, 1.0])
(515, [0.0, 0.0], ['salvation', 'wonder'], [-0.125, 0.125])
(227, [0.0, 0.0], ['family'], [0.0])
(841, [0.0, 0.0], ['nature', 'beauty'], [0.0, 0.5])
(992, [0.0, 0.0], ['loss'], [0.0])
(1653, [0.0, 0.0], ['mind'], [0.0])
(1443, [0.0, 0.0], ['peace', 'death'], [0.125, -0.5])
(476, [0.0015432098765432098, 0.0007961783439490446], ['smallness', 'faith'], [0.0, 0.0])
(520, [0.001838235294117647, 0.0009541984732824427], ['nature', 'connection'], [0.0, 0.0])
(237, [0.002403846153846154, 0.0013297872340425532], ['salvation', 'faith'], [-0.125, 0.0])
(269, [0.00390625, 0.0023148148148148147], ['suffering', 'life'], [-0.375, 0.0])
(947, [0.004166666666666667, 0.002403846153846154], ['salvation', 'scorn'], [-0.125, -0.375])
(1716, [0.004310344827586207, 0.0022727272727272726], ['death', 'frustration'], [-0.5, -0.125])
(244, [0.005, 0.0023148148148148147], ['suffering', 'work'], [-0.375, 0.0])
(784, [0.005681818181818182, 0.0028735632183908046], ['death', 'fear'], [-0.5, -0.5])
(581, [0.005681818181818182, 0.002717391304347826], ['wonder', 'frustration'], [0.125, -0.125])
(721, [0.005952380952380952, 0.0028735632183908046], ['wonder', 'time'], [0.125, 0.0])
(352, [0.006578947368421052, 0.003472222222222222], ['wonder', 'nature'], [0.125, 0.0])
(833, [0.006944444444444444, 0.0033783783783783786], ['time', 'grace'], [0.0, 0.5])
(710, [0.006944444444444444, 0.003424657534246575], ['wonder', 'nature'], [0.125, 0.0])
(694, [0.007780487804878048, 0.00436986301369863], ['smallness', 'grace'], [0.0, 0.5])
(1759, [0.0078125, 0.0026041666666666665], ['loss', 'sadness'], [0.0, -0.875])
(394, [0.008064516129032258, 0.004464285714285714], ['love', 'suffering'], [1.0, -0.375])
(1239, [0.008928571428571428, 0.004098360655737705], ['scorn'], [-0.375])
(1769, [0.009615384615384616, 0.005681818181818182], ['suffering', 'peace'], [-0.375, 0.125])
(602, [0.009615384615384616, 0.004573170731707317], ['beauty', 'nature'], [0.5, 0.0])
(944, [0.009868421052631578, 0.004601226993865031], ['grace'], [0.5])
(1215, [0.010416666666666666, 0.005952380952380952], ['mind', 'nature'], [0.0, 0.0])
(501, [0.010869565217391304, 0.005494505494505495], ['faith', 'salvation'], [0.0, -0.125])
(96, [0.011363636363636364, 0.005952380952380952], ['death', 'life'], [-0.5, 0.0])
(144, [0.011363636363636364, 0.005747126436781609], ['death', 'love'], [-0.5, 1.0])
(205, [0.011836363636363633, 0.006320388349514561], ['friendship', 'loss'], [0.125, 0.0])
(737, [0.0125, 0.005733944954128441], ['nature', 'wonder'], [0.0, 0.125])
(164, [0.013888888888888888, 0.00641025641025641], ['mother'], [0.0])
(128, [0.013888888888888888, 0.005597014925373134], ['wonder', 'nature'], [0.125, 0.0])
(550, [0.014344262295081968, 0.007675438596491228], ['determination', 'faith'], [0.0, 0.0])
(936, [0.014423076923076924, 0.008333333333333333], ['loss', 'sadness'], [0.0, -0.875])
(831, [0.014705882352941176, 0.008064516129032258], ['death', 'love'], [-0.5, 1.0])
(1282, [0.01488095238095238, 0.007716049382716049], ['peace', 'scorn'], [0.125, -0.375])
(1124, [0.017857142857142856, 0.005434782608695652], ['determination', 'suffering'], [0.0, -0.375])
(249, [0.017857142857142856, 0.00872093023255814], ['happiness', 'connection'], [1.0, 0.0])
(1212, [0.019230769230769232, 0.013157894736842105], ['mind'], [0.0])
(1310, [0.020833333333333332, 0.011111111111111112], ['spring', 'sadness'], [0.0, -0.875])
(1591, [0.021739130434782608, 0.010638297872340425], ['peace'], [0.125])
(1041, [0.022058823529411766, 0.014423076923076924], ['determination', 'suffering'], [0.0, -0.375])
(445, [0.022727272727272728, 0.010714285714285714], ['death', 'loss'], [-0.5, 0.0])
(1163, [0.022727272727272728, 0.0125], ['faith', 'scorn'], [0.0, -0.375])
(1170, [0.0234375, 0.01171875], ['nature', 'surprise'], [0.0, 0.0])
(1753, [0.025, 0.00946969696969697], ['memory'], [0.0])
(570, [0.025, 0.013671875], ['love'], [1.0])
(525, [0.02734375, 0.0109375], ['wonder'], [0.125])
(245, [0.028409090909090908, 0.014204545454545454], ['loss', 'sleep'], [0.0, 0.0])
(727, [0.02857142857142857, 0.01282051282051282], ['love', 'connection'], [1.0, 0.0])
(365, [0.02889189189189189, 0.013705128205128205], ['salvation', 'faith'], [-0.125, 0.0])
(1038, [0.02976190476190476, 0.016891891891891893], ['connection'], [0.0])
(1498, [0.02976190476190476, 0.014534883720930232], ['time', 'memory'], [0.0, 0.0])
(1743, [0.03, 0.02027027027027027], ['death', 'connection'], [-0.5, 0.0])
(1273, [0.03, 0.015625], ['memory', 'surprise'], [0.0, 0.0])
(1644, [0.03125, 0.014705882352941176], ['summer', 'beauty'], [0.0, 0.5])
(1483, [0.03125, 0.016544117647058824], ['wonder'], [0.125])
(1122, [0.03289473684210526, 0.014204545454545454], ['nature', 'wonder'], [0.0, 0.125])
(714, [0.03333333333333333, 0.021739130434782608], ['peace', 'nature'], [0.125, 0.0])
(382, [0.035, 0.019444444444444445], ['death', 'life'], [-0.5, 0.0])
(1097, [0.035, 0.014344262295081968], ['nature'], [0.0])
(1196, [0.03571428571428571, 0.0234375], ['suffering', 'peace'], [-0.375, 0.125])
(36, [0.03571428571428571, 0.015957446808510637], ['happiness', 'winter'], [1.0, 0.0])
(1563, [0.0375, 0.017857142857142856], ['mind', 'wonder'], [0.0, 0.125])
(595, [0.0390625, 0.016025641025641024], ['beauty'], [0.5])
(859, [0.041666666666666664, 0.02142857142857143], ['mind', 'peace'], [0.0, 0.125])
(130, [0.0425, 0.021683673469387755], ['wonder'], [0.125])
(1752, [0.046052631578947366, 0.022435897435897436], ['death', 'determination'], [-0.5, 0.0])
(127, [0.046875, 0.024456521739130436], ['suffering'], [-0.375])
(1300, [0.046875, 0.01875], ['loss', 'determination'], [0.0, 0.0])
(883, [0.04807692307692308, 0.023148148148148147], ['beauty'], [0.5])
(778, [0.04891304347826087, 0.024456521739130436], ['peace', 'time'], [0.125, 0.0])
(1341, [0.05, 0.027777777777777776], ['wonder'], [0.125])
(994, [0.05, 0.019230769230769232], ['grace', 'smallness'], [0.5, 0.0])
(93, [0.05053191489361702, 0.02199074074074074], ['wonder', 'time'], [0.125, 0.0])
(149, [0.05263157894736842, 0.023255813953488372], ['loss', 'death'], [0.0, -0.5])
(1435, [0.056818181818181816, 0.026041666666666668], ['love', 'loss'], [1.0, 0.0])
(1142, [0.06018518518518518, 0.029545454545454545], ['mind', 'peace'], [0.0, 0.125])
(1553, [0.0625, 0.020833333333333332], ['happiness', 'life'], [1.0, 0.0])
(1177, [0.06696428571428571, 0.04573170731707317], ['wonder'], [0.125])
(435, [0.07738095238095238, 0.04391891891891892], ['madness', 'frustration'], [-0.125, -0.125])
(108, [0.08333333333333333, 0.041666666666666664], ['sickness', 'life'], [0.0, 0.0])
(1494, [0.125, 0.03571428571428571], ['weather', 'wonder'], [-0.625, 0.125])
(185, [0.125, 0.0703125], ['faith'], [0.0])
(1158, [0.125, 0.04411764705882353], ['wonder'], [0.125])
(1608, [0.16666666666666666, 0.041666666666666664], ['grace', 'happiness'], [0.5, 1.0])
77 / 523
